53.9
52.1
51.3
51.6
51.8
51.9
53.3
53.5
52.9
52.7
50.9
53.0
52.5
53.0
52.3
52.9
52.8
51.9
51.7
54.5
54.2
53.6
52.1
51.1
53.8
52.9
51.1
52.3
53.1
51.9
52.6
51.6
51.5
53.3
53.8
52.8
50.9
50.4
53.4
51.8
52.9
52.8
52.4
52.3
56.3
51.1
51.6
53.3
51.7
52.9
52.8
51.7
54.8
51.2
54.6
54.2
52.0
52.6
53.8
52.9
54.9
51.9
52.7
53.9
52.9
52.6
53.7
53.0
53.6
52.1
54.1
53.5
53.4
52.0
54.6
52.5
54.2
51.5
57.7
60.3
56.9
53.8
52.3
52.9
58.6
52.2
52.2
52.3
52.9
53.0
52.1
52.0
51.6
52.6
51.7
53.7
51.6
55.6
54.3
55.0
52.1
53.8
56.6
58.5
55.6
52.7
51.8
53.2
53.4
51.9
51.9
53.5
53.5
51.8
53.1
52.7
53.6
53.8
52.7
53.8